[[  0.14724067   0.42240387  10.128077  ]
 [  0.31917337   0.27587005  16.765743  ]
 [  0.43259436   0.22649845  15.043551  ]
 [  0.5888778    0.05325413  -0.66403663]
 [  0.5707745    0.24402246  13.751059  ]
 [  0.1755713    0.30818158  12.95498   ]
 [  0.83418745   0.38224688  12.916109  ]
 [  0.0525978    0.70892555  19.253315  ]
 [  0.95890236   0.5379858   12.942562  ]
 [ -0.05067372   0.94114757   7.253719  ]
 [  0.20095937   0.42240417   7.3549824 ]
 [  0.14444622   0.4501127   10.720234  ]
 [  0.80448955   0.8372178   -3.460514  ]
 [  0.44589698   0.91965556  -7.210822  ]
 [  0.80206525   0.84120166 -26.190758  ]
 [  0.5220063    0.8804459  -32.39644   ]]